8491
2241
4561
2872
3928
21430
4063
851
10486
9262
3375
5645
2433
2961
5064
3143
5311
2968
3458
3635
1730
7303
3957
2769
25421
4438
2394
3893
6391
6994
8458
6829
3296
3531
5371
4387
2436
3906
8824
2653
17098
5252
4796
5368
4082
1950
7604
4218
5019
2306
4289
15927
3778
6203
2450
4445
2153
9877
2981
2509
6886
3381
3307
6944
1718
7212
4627
4732
3977
4651
6321
6092
3617
8060
4437
3902
3615
12834
12623
3423
7323
5110
9036
3190
9104
5464
4331
3438
3233
2395
3312
4833
4564
10446
2698
4258
3750
4881
1960
6479
